1000
562
726
348
916
6
594
872
515
960
976
169
662
317
529
702
789
255
74
574
330
338
584
238
31
172
929
967
19
654
780
478
336
66
342
13
415
842
908
283
652
921
571
848
7
560
287
890
730
1
703
262
453
338
223
935
872
478
718
979
886
768
336
703
672
167
606
498
66
647
769
665
827
852
144
533
2
306
494
328
97
414
693
562
625
697
755
576
462
319
778
995
752
583
977
397
178
409
450
143
836
633
576
355
400
153
792
98
492
153
542
838
740
619
125
840
129
115
766
803
442
257
208
66
888
347
339
494
838
844
925
381
798
451
317
278
500
197
135
329
454
709
547
203
882
464
726
338
346
985
955
771
598
130
180
55
350
504
761
553
514
430
853
424
360
74
765
134
204
957
460
170
220
419
395
453
140
23
735
559
585
706
841
481
768
443
990
671
914
19
924
419
876
204
791
955
890
899
354
989
367
197
73
219
819
25
678
455
675
226
679
807
306
636
537
914
300
812
795
96
832
55
546
372
85
619
208
194
156
417
300
459
295
886
252
444
341
280
363
167
573
612
842
624
772
497
224
983
340
62
982
407
311
546
353
376
224
307
703
411
867
422
452
639
467
187
572
735
368
88
3
563
101
707
221
739
864
833
980
161
550
884
345
961
973
745
679
510
190
555
245
862
396
53
724
398
735
509
657
48
763
76
339
412
998
119
882
614
543
883
43
776
652
29
317
742
767
308
148
186
143
122
990
334
361
169
486
253
960
383
35
438
124
325
495
826
332
765
828
478
707
643
474
650
350
737
693
822
536
5
166
300
457
195
775
944
333
237
658
696
916
648
201
993
461
593
414
779
136
432
983
355
52
11
611
721
635
554
262
938
568
452
324
346
531
982
278
307
380
600
884
188
163
810
317
151
100
842
779
400
357
940
284
859
464
326
303
769
69
462
305
747
312
16
469
211
423
335
531
992
711
124
885
72
538
343
280
532
811
7
804
294
992
364
300
179
688
106
909
640
592
973
636
702
56
848
961
23
25
839
16
509
542
209
754
816
41
520
944
750
902
554
263
899
426
96
942
192
340
816
934
658
948
581
365
711
681
873
456
574
333
168
82
431
137
344
907
574
504
921
668
594
317
902
494
787
674
622
244
115
765
184
142
298
18
819
606
14
853
485
115
140
207
879
153
437
702
70
641
389
588
39
265
325
291
617
11
280
593
560
762
985
659
504
240
267
617
665
542
462
583
551
275
214
465
414
478
792
879
529
730
894
373
185
512
595
374
936
49
97
871
654
164
93
568
619
119
116
48
444
734
976
828
527
421
999
992
662
911
828
514
155
125
609
747
143
745
454
380
872
962
354
54
938
84
753
684
363
160
742
515
570
700
716
10
330
555
253
85
228
107
157
947
663
8
2
997
910
839
64
218
162
51
149
305
154
418
593
304
138
684
651
274
815
607
495
209
179
660
31
234
277
161
1000
173
57
492
130
873
539
213
879
205
18
198
96
667
57
587
534
434
736
246
887
657
942
238
203
820
582
414
349
168
319
54
287
35
296
915
992
687
134
193
265
930
78
734
56
304
73
80
26
311
836
221
170
576
910
404
128
512
199
352
429
549
5
454
388
387
762
5
250
800
562
883
915
243
679
928
296
182
6
968
152
136
283
730
938
887
960
131
822
149
983
528
175
614
400
617
416
830
648
657
8
493
712
396
188
29
607
947
401
872
3
177
861
479
948
147
920
650
231
750
618
898
629
301
815
175
211
557
97
496
184
16
866
866
567
396
258
476
680
752
870
245
321
818
43
84
320
988
99
982
342
481
117
872
556
572
611
456
421
846
505
285
270
502
266
619
39
956
954
134
799
373
602
840
290
523
849
998
628
743
552
776
22
760
410
564
906
307
261
694
382
235
378
593
22
528
170
387
127
475
419
901
843
386
265
807
774
756
828
417
512
357
506
705
979
888
381
695
199
731
629
248
897
197
561
601
442
287
542
278
649
749
584
109
153
826
85
429
271
140
405
837
661
730
639
243
272
156
629
221
93
750
31
259
476
342
789
200
713
213
127
572
386
503
17
151
499
248
741
990
366
9
6
256
585
920
935
859
844
998
865
733
33
129
929
988
987
508
334
484
901
420
95
152
477
938
589
268
609
603
125
64
460
284
679
330
303
425
413
725
224
678
992
674
229
80
975
710
611
854
709
42
0
547
826
496
687
698
837
194
221
634
657
967
519
93
564
703
741
331
362
372
881
644
775
181
416
484
821
613
759
700
210
631
370
774
267
378
1000
372
111
215
818
613
268
470
677
871
313
280
95
195
186
642
641
603
331
832
819
344
987
914
441
111
240
891
874
823
340
290
704
415
857
984
258
79
15
891
576
634
227
536
134
326
666
185
899
795
795
510
811
866
743
825
877
234
970
597
170
238
192
440
333
188
502
75
676
547
9
258
836
760
112
47
359
513
964
576
193
271
580
101
587
338
83
958
779
495
277
467
237
93
496
520
410
886
75
712
435
438
246
397
364
516
884
324
960
95
113
781
657
846
708
439
810
382
710
613
186
685
42
424
258
470
380
483
966
195
899
478
754
393
983
468
774
559
594
174
969
688
730
215
353
372
664
921
635
508
990
670
30
433
894
745
555
477
125
633
106
33
482
804
814
502
957
994
455
300
576
841
418
598
958
582
969
701
519
770
649
737
665
597
314
804
960
878
356
629
134
554
146
883
947
647
9
999
111
687
130
925
463
612
963
261
648
682
335
845
109
398
65
153
675
883
274
64
295
939
132
592
950
609
77
553
614
183
116
679
551
489
948
899
144
9
845
728
364
720
173
319
865
959
772
983
290
703
466
872
214
969
343
265
639
189
189
385
270
234
314
943
105
655
909
549
430
571
369
341
63
490
323
757
599
273
190
699
965
539
814
309
133
269
863
651
20
5
78
213
608
196
54
516
240
417
52
616
87
687
595
655
440
937
876
533
201
468
654
232
358
153
978
238
78
296
698
438
484
778
837
899
665
664
821
325
884
17
154
147
649
436
893
5
657
453
422
365
519
395
630
541
984
229
594
128
459
300
323
722
586
395
572
790
862
160
506
176
596
762
892
37
660
622
316
98
384
775
413
516
301
377
57
585
693
968
820
916
336
439
534
615
708
117
480
134
909
610
163
554
453
942
161
814
252
942
90
23
445
871
43
374
181
699
390
234
780
552
260
264
953
690
851
734
464
376
67
860
820
788
250
25
349
528
493
851
611
953
386
441
985
342
78
270
258
19
2
556
472
221
178
914
26
473
883
885
222
184
401
26
713
841
13
385
293
405
102
40
889
72
953
285
99
981
390
724
646
555
740
836
174
109
461
224
805
251
72
172
763
935
243
297
427
737
420
422
213
110
247
412
612
310
786
452
143
838
3
667
709
638
485
646
292
778
186
539
987
483
299
142
468
514
645
790
501
609
273
699
910
414
399
271
264
945
116
659
921
706
55
436
995
188
587
108
877
607
538
965
601
996
644
71
99
604
401
23
263
247
683
582
617
262
201
254
30
549
62
384
588
360
831
870
392
189
368
592
622
820
868
156
939
714
96
553
700
164
984
875
768
326
913
676
466
999
835
212
663
899
930
875
874
87
774
980
893
78
15
525
699
982
225
593
263
498
662
228
159
449
660
870
239
185
770
598
767
108
831
779
721
221
606
258
324
586
132
171
120
330
71
676
538
972
331
323
426
732
528
646
397
502
11
342
381
931
908
663
967
414
417
507
373
307
386
118
824
254
759
842
14
55
892
628
609
98
266
33
249
513
768
524
756
812
918
515
375
961
798
90
76
372
645
553
833
943
443
782
426
541
189
718
46
703
500
582
936
888
905
249
7
828
68
146
891
207
419
769
183
367
438
587
894
738
737
24
353
823
559
840
542
421
205
812
309
721
410
119
760
295
923
463
611
508
130
583
831
216
588
629
299
97
289
256
462
882
531
883
36
589
367
237
387
993
333
669
276
3
163
778
110
86
897
930
93
551
303
116
437
930
346
558
118
976
569
788
860
835
316
111
377
988
305
142
435
588
564
502
197
238
393
574
243
396
787
949
598
490
301
313
971
210
648
203
388
186
553
550
291
877
169
476
272
709
30
46
439
931
844
149
395
695
33
26
232
75
588
991
938
214
288
976
964
816
94
174
34
742
388
102
999
525
585
110
713
500
189
230
678
726
82
346
947
582
470
96
217
305
904
84
1000
801
174
496
194
367
397
584
757
986
51
193
573
168
592
433
169
287
980
656
337
338
479
93
295
917
983
868
671
613
729
534
768
5
634
11
190
527
811
11
385
668
925
383
561
257
147
304
763
288
363
785
685
463
535
205
319
176
312
211
786
543
579
896
506
691
217
737
188
812
528
761
596
255
697
18
218
691
731
143
922
953
569
615
602
927
126
712
493
510
679
730
752
34
147
466
371
112
932
332
843
252
738
445
860
837
300
388
852
314
553
57
913
656
747
209
309
52
285
666
135
786
976
520
673
128
705
506
156
558
114
110
470
200
791
830
341
274
9
367
228
874
976
1000
480
310
607
760
88
739
828
237
278
986
414
100
385
649
87
609
284
148
114
592
556
334
260
739
512
343
824
179
387
170
256
868
842
774
160
278
32
262
804
865
843
275
426
33
178
979
908
26
779
821
604
464
778
740
747
445
654
469
30
283
255
921
274
389
567
796
592
556
951
172
716
406
236
538
432
293
416
285
828
527
141
701
68
684
912
961
265
931
581
355
146
816
331
349
733
419
319
823
972
322
117
638
616
717
887
511
566
558
353
192
790
269
850
773
795
29
828
979
119
69
582
183
704
383
916
842
356
127
368
110
655
647
251
211
857
837
364
143
643
224
859
13
235
832
584
612
633
881
943
374
901
472
185
474
331
224
180
219
314
196
508
173
935
525
139
298
588
527
82
249
389
670
767
569
632
883
472
843
703
480
6
817
450
865
609
50
567
561
282
647
702
448
649
689
299
675
239
360
658
31
557
171
437
56
774
5
765
430
152
198
784
108
400
470
240
878
197
441
755
240
321
176
693
511
275
153
634
580
36
520
868
41
254
885
408
276
575
983
274
470
706
669
528
259
632
456
122
478
207
171
280
355
960
559
967
328
99
637
323
16
172
511
904
68
253
157
188
638
936
25
575
246
716
231
768
931
909
945
111
311
537
731
168
93
908
965
673
771
615
357
531
586
738
131
919
268
593
95
439
806
147
801
833
692
532
677
920
735
511
691
589
334
250
520
739
643
191
66
492
323
905
262
658
595
701
851
601
562
818
888
7
873
972
311
881
702
797
473
404
386
70
668
244
940
827
435
926
342
305
361
526
33
852
352
91
203
139
368
478
416
805
866
58
348
441
198
31
508
96
487
645
273
140
173
73
777
516
560
682
498
376
614
7
95
935
873
335
109
461
89
683
709
84
512
398
357
681
339
809
510
47
388
172
115
849
743
808
314
929
634
938
850
907
510
259
496
198
783
646
809
259
545
936
456
675
429
279
845
119
384
77
220
713
841
968
115
839
321
309
659
669
559
747
13
10
84
529
223
886
356
914
816
609
536
894
923
856
722
470
988
972
221
318
168
667
276
212
586
450
47
934
270
221
435
174
475
625
240
491
347
278
705
929
23
439
862
635
85
451
247
259
289
703
161
274
843
467
235
311
963
64
477
975
404
658
878
606
432
211
626
979
572
538
314
312
744
274
446
460
131
5
516
930
775
167
848
283
452
979
419
599
141
401
265
112
619
509
881
853
201
313
524
499
537
638
842
223
907
958
155
832
589
16
165
251
265
857
34
863
352
976
643
324
68
772
615
138
761
802
257
558
377
790
82
571
410
304
21
460
197
740
24
231
668
97
245
697
909
765
938
574
422
608
224
908
859
640
214
294
245
581
573
445
882
565
13
371
393
421
795
524
966
534
828
765
217
197
819
369
4
581
642
24
148
71
111
758
774
577
233
521
368
909
167
667
249
638
733
476
13
885
799
979
204
315
893
277
437
638
755
208
463
968
764
539
208
817
999
395
472
851
569
367
870
764
555
398
156
62
499
725
961
856
400
587
495
665
702
93
591
233
801
807
143
198
556
222
101
595
792
890
686
43
74
684
628
699
677
545
18
758
565
392
520
867
86
861
358
376
436
869
65
100
61
53
296
155
746
710
799
729
234
874
304
4
580
81
85
2
60
537
740
32
831
548
892
845
605
67
554
592
51
10
422
147
191
448
354
316
424
719
160
980
721
500
639
154
416
997
634
792
431
586
827
571
813
970
224
982
365
540
568
610
464
730
775
272
98
545
785
515
114
614
143
461
499
77
317
353
804
736
987
182
617
516
645
896
886
178
990
362
131
332
302
609
960
92
616
415
198
391
692
13
962
999
289
14
453
731
811
562
307
417
878
338
569
688
941
322
502
224
396
728
351
475
645
787
525
796
583
759
119
371
566
509
634
734
673
230
544
468
584
498
952
292
296
156
122
154
151
53
94
805
320
281
829
501
97
3
353
199
476
725
792
139
609
28
71
648
946
581
485
41
325
502
476
333
856
8
915
526
822
618
851
78
611
605
983
241
893
106
149
92
923
386
152
19
395
498
251
99
822
399
16
390
661
444
966
629
890
843
60
882
584
879
762
595
306
554
570
145
824
629
10
183
129
308
256
823
930
609
161
983
973
844
394
394
509
447
324
849
55
11
884
526
121
2
448
768
942
612
763
63
177
387
337
357
168
198
323
736
666
725
299
268
539
775
805
956
612
322
770
646
548
82
366
25
841
592
376
70
545
488
415
729
765
737
473
468
99
1000
837
46
618
554
416
707
495
162
489
60
367
793
386
440
751
617
708
827
653
359
295
239
610
385
327
756
997
77
27
58
741
728
653
24
714
322
639
349
834
917
528
967
386
230
638
484
70
953
90
265
927
197
221
99
94
33
504
466
633
975
760
879
637
225
341
813
29
244
422
3
260
672
79
385
39
322
480
717
708
25
256
190
538
115
226
147
208
65
161
119
190
387
710
634
473
658
457
951
915
415
399
272
138
531
468
960
693
883
506
336
552
771
843
799
633
499
316
82
204
899
626
484
127
347
376
406
256
489
651
271
186
729
952
942
718
560
145
390
327
368
218
469
333
658
257
944
777
780
854
936
454
434
694
780
214
688
22
490
187
167
21
24
866
137
482
471
437
204
480
286
898
712
975
946
940
140
626
883
264
358
119
445
622
337
287
636
311
906
24
887
729
799
28
921
409
325
907
856
986
898
174
432
310
144
381
573
437
36
909
84
155
161
75
963
663
905
835
528
673
352
329
582
329
799
425
828
767
947
820
362
985
765
370
274
223
929
459
508
820
377
767
418
430
518
167
629
996
584
918
79
344
149
178
946
422
31
695
341
894
638
34
266
59
741
950
917
889
990
714
189
171
329
758
560
85
858
920
15
371
14
579
932
160
654
979
618
550
662
969
595
177
840
993
978
705
123
950
859
272
569
449
736
963
365
254
156
424
952
68
75
994
393
472
512
536
774
309
764
669
946
671
794
762
320
812
555
704
821
271
814
570
81
875
525
76
860
268
471
54
95
571
77
653
28
222
364
349
337
823
48
596
144
259
627
188
416
806
182
509
805
693
934
630
753
662
649
216
416
801
31
895
836
376
152
688
759
691
434
99
368
849
482
158
672
922
441
371
157
644
259
24
8
466
469
894
564
255
225
141
620
290
91
25
754
159
878
822
995
495
848
594
299
768
285
756
186
434
407
326
55
54
216
106
248
355
408
985
879
136
362
913
56
794
51
33
410
193
575
573
274
578
322
601
207
208
941
177
487
793
240
156
100
643
822
652
578
760
189
83
479
759
200
91
242
702
355
643
25
874
238
779
357
127
967
853
217
588
530
958
668
356
874
812
932
285
811
693
905
518
742
64
962
532
147
310
40
392
883
566
953
983
192
238
76
630
763
514
637
831
948
817
230
405
535
613
359
412
284
977
498
17
885
144
609
438
687
445
430
132
110
681
110
924
524
839
245
350
981
833
305
432
832
641
795
868
284
420
157
935
531
694
315
263
939
30
91
734
665
873
893
117
419
809
816
203
403
514
72
99
633
444
480
603
75
66
405
493
533
350
368
345
12
462
374
960
778
954
773
654
591
457
75
777
876
825
580
889
157
672
979
411
896
976
843
687
182
478
995
314
743
471
540
171
15
815
210
785
593
420
89
612
24
743
304
603
707
504
362
829
854
590
745
520
856
685
46
702
105
915
846
96
288
664
799
755
159
482
478
606
506
685
782
172
921
939
434
746
834
328
725
672
993
391
189
854
602
277
854
671
800
454
761
703
409
810
567
514
37
885
38
261
97
297
692
511
854
490
605
274
892
407
782
209
843
690
78
411
436
904
943
941
955
841
743
624
996
900
557
998
991
715
638
330
17
514
933
910
47
298
141
17
63
230
224
178
733
260
272
233
235
27
241
267
930
341
70
646
386
603
240
174
804
6
873
928
875
317
225
481
907
910
743
592
251
809
166
883
942
981
969
549
429
530
168
194
938
716
632
123
808
607
474
820
429
225
287
115
724
689
194
508
40
966
774
447
923
766
402
557
800
702
805
605
192
464
213
222
677
105
536
105
626
314
75
151
360
455
473
278
589
324
921
671
671
298
86
95
978
88
512
497
736
535
581
960
753
416
706
262
215
684
394
319
509
730
869
607
222
705
837
863
121
947
227
7
49
644
524
471
57
158
299
219
410
191
448
589
751
809
711
507
753
93
2
254
409
120
239
952
702
290
846
264
497
640
634
576
4
344
393
0
709
276
882
685
367
963
500
543
586
646
545
702
508
929
848
266
927
233
508
69
716
392
861
223
846
971
667
168
668
252
903
357
939
628
621
868
695
79
1
334
450
216
246
198
352
706
868
108
577
587
907
524
108
184
603
902
424
969
236
980
560
281
981
210
8
813
924
396
94
381
227
908
157
205
268
694
408
759
39
494
264
580
829
567
258
192
866
619
607
160
158
69
210
717
920
713
778
354
392
514
145
381
596
965
202
513
515
675
151
237
943
441
555
225
939
95
370
365
563
1000
714
42
530
636
708
159
281
527
105
710
704
130
508
247
594
635
695
14
193
152
829
312
845
666
513
867
321
252
993
341
822
835
475
177
650
717
804
334
951
561
2
8
116
317
887
863
314
789
391
529
595
543
443
291
194
742
217
489
156
288
455
839
876
899
590
144
678
719
77
435
82
11
985
737
938
457
541
9
999
562
601
640
509
274
574
595
394
930
300
396
2
518
351
159
519
0
587
631
25
735
176
302
545
239
312
933
757
530
324
938
275
314
509
903
789
679
812
245
876
875
59
540
884
411
919
834
803
336
401
968
538
603
725
309
306
46
778
474
137
727
10
294
138
855
531
856
199
720
369
740
292
412
50
886
783
420
27
481
741
195
743
257
240
794
22
773
906
70
316
21
129
340
789
101
534
414
458
402
992
349
72
11
324
333
417
877
702
376
261
878
345
411
851
320
935
439
124
115
401
724
178
784
661
385
224
728
98
105
641
330
256
166
66
761
424
944
461
978
829
372
477
686
432
553
11
249
803
159
958
505
311
969
937
906
653
555
213
55
560
268
313
904
710
846
381
594
232
707
553
690
296
482
630
775
94
594
30
394
495
109
643
428
143
406
225
690
954
874
489
278
675
842
172
397
233
556
291
25
364
491
160
997
449
928
731
797
7
612
491
454
93
819
389
60
890
669
125
543
817
403
58
765
685
748
821
335
787
399
635
996
430
623
770
739
736
975
583
291
369
955
321
757
699
737
107
300
102
125
407
253
705
226
873
411
209
181
71
751
562
567
862
164
559
644
962
352
691
539
417
326
304
465
54
605
260
606
45
95
18
320
297
207
739
633
557
989
977
718
642
3
973
537
822
243
755
355
305
670
770
362
212
77
213
315
447
721
457
375
378
35
794
964
409
689
586
803
880
83
141
557
778
111
753
598
223
71
766
49
963
631
62
184
210
868
52
988
571
897
597
703
357
372
991
191
403
632
296
221
196
583
546
913
164
653
264
183
571
26
995
619
534
75
651
553
93
770
826
62
555
928
40
93
520
929
754
954
738
688
839
718
113
881
548
367
484
281
496
759
74
931
934
554
544
572
858
779
185
194
81
939
460
656
54
737
807
581
316
492
626
597
843
508
886
506
889
355
961
714
901
999
852
311
508
552
612
8
886
828
745
334
891
182
729
882
256
530
398
157
674
634
619
942
700
506
87
59
902
722
523
969
455
965
359
260
505
101
351
266
350
97
832
447
268
545
563
542
742
130
49
962
547
338
967
387
99
442
512
514
557
285
193
696
877
273
90
156
396
785
692
989
752
885
572
456
941
188
466
705
645
867
798
951
443
98
175
950
303
482
895
313
643
538
934
877
323
803
653
879
954
886
709
233
829
13
784
515
491
887
455
436
686
809
229
197
449
549
128
620
146
870
125
143
669
429
179
18
26
20
419
457
893
203
823
440
225
589
8
256
130
61
959
525
669
797
676
160
849
972
677
518
342
798
663
178
629
130
126
896
770
248
447
681
35
814
197
925
88
364
549
271
272
807
206
436
694
301
734
400
245
137
52
378
654
843
945
486
205
913
191
351
843
575
896
887
691
635
831
456
191
876
382
154
192
707
975
791
217
577
504
989
866
565
663
7
43
75
443
879
237
944
147
896
560
701
539
87
976
947
412
303
151
11
905
670
195
166
304
31
407
578
78
914
439
135
462
975
884
464
363
345
348
785
411
994
424
792
863
23
351
183
596
49
884
671
199
543
547
468
143
153
888
881
295
852
784
478
920
160
840
350
759
452
537
867
195
25
735
72
346
269
643
734
823
541
159
54
609
631
870
39
177
975
332
761
199
913
862
13
750
687
39
157
136
286
844
897
135
470
498
102
0
221
416
653
409
242
437
809
445
731
576
596
915
59
74
905
797
118
747
603
89
194
837
362
666
543
609
66
277
899
70
85
474
369
582
594
871
774
505
258
200
194
205
915
352
73
651
249
166
933
323
620
883
504
370
633
321
382
489
687
55
439
741
680
44
82
482
699
480
423
981
478
869
706
30
944
268
755
622
713
869
902
206
468
570
227
749
896
862
706
359
587
483
572
236
24
741
324
781
403
52
196
78
864
95
713
280
406
267
825
438
883
818
196
997
896
710
695
715
411
691
915
14
36
797
615
428
739
251
356
404
995
873
789
376
942
630
570
313
160
455
563
383
160
847
624
438
970
325
221
198
59
575
876
5
597
36
148
22
620
579
759
850
83
753
521
128
969
94
894
165
119
346
372
723
479
97
941
250
604
1000
782
371
355
858
994
441
572
448
942
895
206
808
814
909
912
723
780
400
65
219
840
629
153
884
273
127
771
926
242
354
866
196
248
1000
656
496
952
297
772
903
872
146
531
909
5
93
609
513
297
503
560
662
500
905
80
799
71
814
505
901
195
813
414
578
156
577
233
530
367
11
58
898
164
981
931
216
349
972
940
613
59
327
625
844
830
236
948
933
231
690
574
875
736
167
525
518
252
995
275
818
175
246
22
781
856
776
493
308
570
368
551
383
100
964
306
865
236
296
81
55
50
46
526
238
205
795
815
503
287
638
691
531
571
760
752
491
273
996
286
145
764
945
438
310
667
825
169
139
260
396
630
75
867
28
797
547
387
754
120
243
618
101
25
799
430
646
535
816
790
991
571
785
723
363
597
538
537
83
914
377
107
949
547
489
420
749
136
301
901
972
191
709
168
71
320
771
309
498
753
58
243
521
188
548
948
424
283
483
343
352
487
435
528
976
495
410
791
472
368
310
158
587
428
115
242
776
362
944
254
383
200
545
952
152
348
397
400
879
544
771
413
19
456
800
411
28
931
460
578
389
522
120
784
590
30
574
846
698
786
694
536
490
509
784
196
762
939
952
327
110
656
413
994
715
458
89
904
713
749
760
356
534
90
254
889
506
611
681
120
536
732
82
516
871
84
853
891
180
532
979
218
526
819
293
280
352
671
168
513
603
43
817
151
478
495
223
159
1000
571
233
818
179
802
941
617
982
219
913
578
704
738
940
295
196
797
72
95
616
818
477
981
567
742
40
975
967
172
38
251
889
667
138
150
749
232
839
619
494
540
993
860
829
59
805
202
189
114
722
977
557
222
4
459
748
791
396
7
628
307
405
4
619
246
484
431
649
233
769
954
242
967
765
558
53
798
68
737
131
53
551
649
211
81
330
719
409
853
654
415
437
380
27
959
965
658
194
616
465
969
275
224
883
181
845
601
456
90
846
742
661
472
633
166
382
486
331
734
908
964
357
153
279
754
854
960
334
796
24
406
676
697
975
552
32
178
949
476
699
74
674
392
197
688
57
398
899
487
918
302
391
170
220
668
592
56
748
450
650
19
395
181
676
185
668
189
552
534
647
663
671
373
741
329
303
298
856
706
549
166
849
700
580
970
72
387
22
542
938
201
258
631
64
131
431
931
669
768
473
848
13
497
474
190
42
741
859
637
867
350
894
39
902
30
107
476
636
948
231
446
218
110
594
617
39
746
298
93
479
28
82
462
957
138
471
642
568
802
325
465
672
309
828
404
89
961
955
439
245
409
486
220
438
528
712
514
704
101
613
94
796
298
259
295
941
913
93
164
822
734
721
414
23
883
189
98
457
867
974
437
542
670
742
20
560
251
578
997
879
693
643
928
379
968
701
932
980
752
917
91
611
97
535
959
280
892
431
497
962
664
748
788
23
130
19
816
157
604
778
47
511
983
985
839
905
734
265
256
312
117
626
145
7
257
574
345
541
194
731
192
83
383
8
642
12
613
653
603
480
628
856
937
672
980
848
453
460
21
770
749
83
324
919
605
447
409
133
858
822
659
360
167
224
991
451
294
292
39
769
649
382
964
109
665
622
134
545
894
324
566
420
407
322
301
625
291
483
515
188
369
695
747
654
807
977
64
760
921
396
543
519
329
68
980
35
534
657
84
966
781
645
212
547
648
265
958
209
727
144
581
91
50
71
454
838
467
864
438
91
448
927
389
836
808
345
174
727
255
467
765
389
928
569
965
228
41
879
752
632
322
984
835
797
876
985
877
437
474
727
399
169
979
579
656
34
884
2
533
472
959
802
498
878
778
326
464
669
564
521
700
67
463
59
179
212
458
535
202
756
288
452
909
11
84
107
145
683
340
360
224
684
426
675
535
983
403
666
217
258
251
298
366
786
114
206
308
68
182
165
980
932
746
829
411
707
501
593
93
41
520
884
6
342
291
580
487
231
208
692
657
704
958
882
779
38
252
418
840
50
316
897
263
905
667
729
821
171
676
84
405
831
575
789
494
892
674
507
140
66
186
565
418
227
582
156
861
721
756
335
637
877
449
35
543
289
871
866
566
439
973
629
948
6
245
98
531
405
223
41
627
110
890
138
616
575
753
896
503
796
327
776
258
659
4
399
480
883
200
480
937
77
54
179
729
54
994
69
840
239
961
945
249
220
349
421
367
232
305
224
89
146
243
862
287
554
315
16
359
713
552
294
791
619
967
770
644
400
113
404
242
828
404
909
899
255
266
602
522
401
785
765
1000
913
255
12
107
670
269
237
19
322
391
692
33
740
885
828
847
140
88
258
249
404
292
556
621
967
27
495
368
509
787
667
814
402
563
56
254
846
458
268
117
952
958
535
860
918
733
34
672
440
954
485
262
27
899
23
735
986
906
988
903
163
644
180
848
162
150
911
623
187
259
17
698
952
160
434
591
620
214
114
331
756
920
976
611
376
1
285
868
554
517
369
747
982
20
61
670
320
112
763
627
432
228
784
254
552
489
934
23
155
715
745
440
689
841
803
919
430
795
488
266
203
255
549
41
840
547
541
387
766
587
545
479
577
65
46
524
1000
532
910
127
109
950
791
412
887
737
801
638
101
237
278
376
275
394
934
845
73
105
389
458
60
576
228
888
320
267
853
905
520
81
592
789
457
844
953
577
229
332
164
712
402
528
162
945
235
71
51
480
743
488
221
238
579
415
860
212
724
571
811
896
71
634
827
283
958
774
372
958
759
56
597
911
193
302
156
2
715
863
654
582
406
67
966
583
629
172
575
158
364
560
937
331
927
61
983
303
630
504
302
880
53
928
159
999
991
766
638
506
792
803
877
117
441
982
821
113
88
340
942
309
840
394
610
290
926
771
90
237
190
74
144
156
880
271
229
328
134
768
245
961
948
287
504
918
451
703
845
279
55
46
747
616
424
819
268
873
368
983
97
389
384
52
401
679
626
43
477
637
556
118
490
910
40
317
346
949
592
78
817
596
79
586
990
792
527
124
16
254
144
219
251
746
245
347
434
658
317
535
874
470
613
347
690
121
140
975
977
155
47
62
240
628
82
597
219
542
249
402
856
209
311
538
301
516
687
803
529
307
175
551
591
265
920
932
155
916
439
623
599
224
456
768
593
755
901
531
519
868
47
388
815
215
424
438
539
28
699
423
223
191
85
99
232
563
354
382
477
226
741
302
256
190
805
650
652
93
698
102
829
599
739
102
299
552
9
645
929
457
990
660
291
928
6
628
393
748
361
998
631
755
114
2
967
642
124
530
859
438
517
614
837
760
153
914
920
423
503
813
226
803
584
332
850
614
115
35
623
928
851
501
187
211
523
805
15
179
939
571
818
726
997
305
366
690
685
640
20
241
239
641
435
314
819
756
116
792
443
261
648
970
229
448
684
774
107
12
37
219
609
390
984
87
740
693
913
892
857
571
960
373
121
190
641
751
132
468
299
50
882
568
297
287
660
549
692
612
898
176
852
360
329
408
43
867
718
505
280
875
988
375
880
87
76
877
902
557
954
494
585
691
518
158
333
428
57
426
572
568
699
803
678
939
412
476
522
665
542
470
942
725
644
180
266
529
682
818
886
119
133
823
556
208
899
299
228
730
582
518
51
48
359
902
183
563
887
112
816
251
961
955
753
944
34
790
820
887
526
709
745
512
996
385
412
790
349
236
489
187
313
196
486
826
806
503
618
168
243
24
735
871
173
999
711
807
54
921
879
903
901
484
271
448
622
343
839
878
778
9
156
850
357
435
77
410
676
581
198
760
383
394
448
491
610
979
96
932
761
144
729
879
682
819
350
930
967
659
707
879
146
366
598
545
219
646
58
990
636
37
244
182
427
748
687
211
854
830
625
862
728
561
175
679
980
429
293
256
922
862
710
851
499
872
706
785
738
227
184
817
774
12
395
871
819
201
992
297
300
127
324
21
209
55
755
291
316
762
143
722
656
993
847
334
12
788
634
873
146
571
742
757
183
946
775
885
483
833
512
619
159
330
762
363
844
271
721
114
906
27
705
633
110
888
215
220
629
263
191
477
807
927
34
102
834
321
271
923
646
866
671
302
189
880
808
928
736
413
605
197
238
895
231
214
608
778
965
895
731
710
266
332
236
840
31
764
97
306
851
313
723
225
559
78
122
637
181
905
521
269
654
234
294
824
791
413
571
223
642
936
939
242
430
537
704
336
358
886
826
561
424
810
709
225
594
138
754
126
353
283
530
509
392
629
616
760
696
395
369
802
199
206
408
520
759
803
627
95
485
111
336
502
850
639
5
559
833
271
863
332
132
981
543
912
315
20
376
655
832
669
72
600
360
112
925
764
352
147
159
215
715
604
174
981
116
65
957
717
609
798
707
316
688
748
110
597
813
619
524
281
219
68
911
771
699
180
680
204
713
212
218
840
384
504
300
450
675
831
275
974
111
669
239
348
750
720
695
687
88
633
336
342
192
932
941
415
212
331
299
609
124
673
201
113
554
857
637
766
323
460
885
715
391
104
609
603
623
86
376
149
707
897
1000
954
890
316
866
855
378
725
264
22
341
399
950
417
404
614
667
667
908
548
502
441
857
555
49
849
715
997
741
377
674
226
206
976
470
737
198
182
891
321
206
618
419
781
605
5
9
664
12
10
873
864
977
192
38
859
906
982
886
236
815
805
410
750
211
197
179
278
330
451
71
524
875
752
844
214
440
72
490
608
367
660
102
858
808
741
362
451
293
449
443
691
836
908
695
715
18
169
382
135
837
624
300
779
307
416
711
172
955
594
517
98
974
931
552
0
332
52
887
745
543
156
713
259
959
53
571
714
525
450
605
416
221
848
795
319
291
739
755
483
411
271
915
621
577
406
137
849
706
559
332
733
759
748
326
352
660
485
187
74
507
179
770
311
600
594
953
516
490
480
589
284
957
817
84
599
373
7
198
815
822
371
10
870
719
562
151
497
915
518
147
60
718
904
132
434
61
188
469
407
332
369
446
626
89
220
33
14
242
827
572
144
564
722
836
248
476
622
442
935
297
485
483
720
832
17
947
909
312
479
734
37
452
218
676
33
127
560
821
622
282
360
809
426
915
797
147
535
235
906
19
186
906
938
549
855
821
63
563
755
49
442
13
521
88
182
103
809
160
981
310
143
888
785
245
235
950
320
71
231
237
498
171
507
335
41
624
598
179
499
507
883
882
284
630
674
320
94
501
847
871
751
485
964
696
924
839
519
841
282
948
639
269
609
88
905
806
843
298
890
931
478
685
323
245
922
456
486
96
364
983
717
629
970
858
349
59
147
952
221
51
290
128
592
373
17
919
675
983
509
900
931
429
963
327
256
702
719
70
255
906
441
41
333
765
394
531
187
929
485
376
334
408
148
756
885
75
556
378
157
471
606
712
820
451
941
654
631
329
29
749
621
28
209
182
333
734
863
627
957
915
712
968
636
168
27
806
965
100
691
625
74
653
633
182
423
787
684
688
650
56
92
754
903
636
576
426
608
502
392
981
862
118
213
617
344
212
54
672
891
699
98
867
9
223
750
17
508
858
905
274
455
680
410
628
794
757
283
363
367
16
88
759
829
872
958
510
355
640
211
525
4
185
919
995
800
35
457
678
492
575
411
453
288
494
629
93
799
314
497
741
263
201
116
764
818
107
726
699
771
442
481
216
941
94
239
228
563
711
172
698
770
713
473
48
702
184
741
925
302
668
52
491
710
559
456
73
203
110
598
102
953
129
817
314
810
828
383
320
504
945
786
130
551
724
507
984
991
208
611
817
455
871
370
83
244
846
231
857
535
221
323
997
645
136
36
258
932
698
251
255
269
170
423
441
330
729
624
295
783
729
772
588
722
208
283
591
702
506
750
724
500
880
809
8
545
299
568
509
659
483
337
659
148
108
730
436
309
655
91
557
729
274
735
607
413
116
472
32
405
139
775
985
756
230
22
380
347
6
658
386
978
604
430
173
210
309
441
579
323
694
588
696
962
636
362
567
764
841
909
126
782
137
45
24
119
330
863
997
404
385
753
411
575
949
310
674
524
327
420
324
449
479
966
373
652
765
224
147
947
618
760
304
174
558
26
43
339
287
395
656
786
719
134
263
889
725
183
766
906
295
594
25
327
365
758
311
720
931
939
922
57
369
525
410
893
156
554
736
833
84
907
357
52
898
531
180
91
829
804
546
403
865
214
870
848
392
468
716
989
395
54
675
800
959
313
242
62
697
271
765
811
369
587
414
43
588
428
409
558
181
4
950
167
527
22
967
172
613
533
505
735
706
884
316
583
374
654
643
891
821
448
347
226
161
188
949
998
625
250
981
633
585
367
604
58
852
62
724
767
545
56
177
393
97
421
655
560
622
374
581
868
295
799
551
193
288
47
313
670
205
458
49
574
571
46
757
235
56
191
389
355
62
133
907
382
413
358
10
333
464
37
295
372
727
912
457
578
231
186
287
349
451
101
954
70
472
941
460
511
316
306
718
446
448
243
496
658
311
92
543
842
409
995
981
567
443
24
418
595
456
750
561
472
419
320
103
53
877
876
524
715
165
862
583
60
783
280
552
413
221
866
436
979
767
914
97
59
758
217
422
341
521
883
524
256
928
222
207
393
636
355
393
411
638
109
85
873
496
64
554
86
510
580
854
103
270
335
561
430
362
371
612
675
96
837
925
389
734
908
359
509
619
983
502
189
13
378
319
662
947
473
834
728
137
354
294
130
466
638
36
529
165
709
878
974
878
991
231
371
515
229
352
827
32
34
54
947
292
941
307
430
527
18
628
207
201
616
575
908
227
1000
486
879
120
997
940
205
823
351
303
888
546
529
298
877
936
93
288
819
742
419
0
741
786
752
301
754
487
712
35
980
283
142
624
406
416
937
277
618
969
980
829
46
437
221
465
889
823
774
808
973
340
144
387
923
187
301
570
822
856
382
860
39
35
491
590
761
508
139
245
2
19
335
514
758
450
105
547
298
539
216
801
409
452
777
754
524
96
37
991
62
507
480
723
667
714
112
600
308
793
215
792
22
26
50
266
870
15
177
119
809
677
138
248
49
284
976
362
685
625
15
349
285
528
595
978
852
338
509
727
863
795
299
58
966
31
645
893
785
307
416
419
777
298
637
514
665
159
663
775
999
302
835
597
191
884
31
908
43
977
459
719
943
739
373
834
99
261
615
495
749
819
835
596
226
230
961
874
347
10
906
179
310
363
8
0
194
267
116
453
943
591
787
445
719
735
161
172
25
234
777
870
253
4
621
630
43
420
810
72
382
987
86
203
996
267
918
560
305
365
913
952
790
195
923
305
498
369
999
581
544
511
35
297
141
943
259
904
363
818
12
429
602
474
50
191
867
842
241
530
739
795
157
868
595
62
133
191
569
834
622
535
413
782
652
68
611
653
335
628
76
49
288
334
62
11
265
540
585
225
751
347
112
936
971
824
839
120
191
226
272
307
201
925
951
17
495
360
731
286
980
257
308
842
26
106
452
285
444
259
530
47
136
158
97
816
205
63
54
563
771
367
413
797
853
33
937
444
102
423
913
277
992
350
792
533
327
699
442
43
378
420
596
962
802
597
599
281
959
658
861
693
895
610
63
210
248
380
310
359
631
105
874
496
938
763
101
365
238
919
2
914
133
366
553
812
672
181
537
936
545
117
575
793
274
580
251
552
28
511
361
50
474
185
477
0
159
382
14
602
410
19
390
467
946
191
597
325
508
116
973
994
822
236
568
915
535
111
884
263
506
453
987
381
596
653
115
553
386
25
253
44
639
287
104
471
245
670
527
413
76
681
679
156
500
202
114
933
722
725
177
150
339
720
607
605
12
982
997
916
95
41
695
897
966
293
462
250
607
479
58
527
509
181
614
485
621
68
626
662
753
247
886
868
703
929
790
452
768
526
253
413
746
831
71
369
855
552
819
455
277
247
96
786
570
182
859
128
783
34
673
34
390
267
72
530
165
592
98
263
437
352
509
848
401
558
36
400
773
285
895
682
612
135
980
818
853
368
788
172
4
289
124
224
76
967
265
238
693
918
78
731
479
22
595
312
306
123
30
692
914
898
366
87
715
657
855
50
144
200
149
292
336
941
399
988
50
691
126
658
535
253
292
34
996
70
191
578
716
177
109
794
151
68
751
121
892
438
110
31
570
402
871
206
931
575
375
747
389
853
288
264
638
800
797
725
715
878
619
836
380
443
868
650
1000
363
686
994
81
573
233
791
389
399
344
368
209
753
839
27
410
858
7
349
374
52
52
566
245
727
632
669
813
614
907
889
839
114
498
373
897
72
197
605
65
366
157
558
36
788
465
744
818
497
691
771
467
871
895
878
225
291
343
283
962
48
937
509
354
187
965
471
509
211
442
114
658
817
637
135
239
835
495
190
405
203
42
791
397
766
708
24
567
83
213
72
749
313
561
564
818
147
320
223
887
42
74
539
520
251
336
573
622
218
83
512
366
154
703
642
756
616
211
936
767
665
77
830
59
32
400
334
321
543
184
57
41
137
895
675
544
514
578
733
17
942
461
786
245
295
117
748
294
363
503
586
33
468
616
849
654
989
335
813
576
809
685
133
556
774
677
89
864
356
135
387
737
237
942
723
162
425
965
921
986
843
685
689
948
370
609
638
536
593
261
842
171
451
213
167
192
669
11
739
666
802
528
308
396
125
21
485
263
805
870
943
426
782
792
741
134
782
426
546
386
107
367
647
373
541
814
724
702
413
75
897
352
122
561
857
891
398
107
879
593
340
254
888
537
52
748
615
584
865
234
197
851
247
603
966
500
479
963
799
274
772
260
88
747
978
111
392
820
229
910
115
788
591
657
248
567
981
951
30
161
523
364
38
677
477
747
988
810
167
473
663
9
914
275
332
86
748
64
685
691
130
142
521
233
355
641
683
646
218
600
639
977
731
38
969
663
249
538
123
528
762
344
667
78
290
627
848
289
911
741
543
78
777
337
349
678
653
238
881
81
962
133
567
420
60
656
580
700
135
945
254
848
759
619
933
829
14
263
751
336
10
550
203
182
908
429
230
978
913
789
233
462
738
862
99
68
1000
834
317
431
0
62
412
620
526
647
804
218
201
29
350
754
781
659
917
306
780
451
553
36
925
708
797
685
968
931
199
669
396
111
105
395
439
569
634
633
3
878
570
566
236
515
919
652
656
307
265
654
893
220
886
408
268
224
909
678
60
420
825
44
66
554
905
951
698
631
981
547
472
764
155
251
636
454
553
614
355
901
938
779
352
193
811
469
457
71
729
382
167
537
708
444
497
203
314
381
890
872
635
7
333
646
911
658
54
75
947
852
673
949
108
622
96
550
939
969
540
208
944
761
683
781
22
130
514
357
539
847
878
814
87
385
476
91
116
543
162
581
305
76
28
223
109
315
442
264
285
859
463
293
298
935
363
626
633
592
843
950
336
746
732
736
455
281
60
264
394
857
834
420
626
175
330
894
94
979
406
619
80
421
869
993
462
481
171
743
488
697
710
243
491
417
604
442
559
858
977
445
328
377
284
191
190
985
70
212
449
659
38
533
120
498
867
54
321
445
261
880
151
185
613
441
861
790
343
376
603
484
159
14
612
788
868
700
188
922
368
174
993
395
527
490
421
979
678
361
74
136
484
687
950
481
891
454
496
989
81
779
196
337
156
241
154
644
601
790
67
425
197
202
8
331
466
610
152
409
827
741
751
586
354
967
77
578
458
382
232
930
313
316
443
18
360
624
26
254
422
36
900
378
167
67
229
509
257
475
619
591
975
480
247
919
510
18
366
716
281
592
14
766
336
98
716
93
828
591
48
239
767
398
607
233
797
486
196
550
291
894
715
925
793
583
300
373
795
129
250
270
546
794
557
815
812
250
715
590
467
310
759
581
497
216
489
633
871
191
847
670
341
915
729
219
670
68
813
341
168
542
57
706
9
980
178
651
375
100
417
458
709
201
226
504
903
319
162
440
873
81
619
863
646
606
811
968
249
929
987
182
562
623
659
204
486
2
533
710
781
633
366
794
314
193
248
115
971
911
580
665
501
522
298
142
763
410
968
814
74
498
533
631
922
286
743
380
115
614
10
586
215
745
225
825
963
789
286
753
138
182
919
213
776
547
988
933
810
899
429
694
584
497
121
136
762
286
112
198
706
404
347
731
533
854
689
973
93
922
616
124
157
160
633
337
688
649
288
709
742
143
492
135
802
682
878
324
298
841
672
935
365
815
168
897
392
190
677
373
728
361
904
758
871
467
687
817
25
535
226
625
140
78
957
264
132
384
696
456
697
966
585
790
304
388
950
695
579
533
741
663
571
557
628
830
429
603
146
614
648
7
995
287
175
241
827
854
379
790
334
632
741
138
53
838
888
420
223
503
232
937
96
395
424
243
367
521
721
408
430
776
94
508
507
87
666
759
374
596
346
70
274
459
940
448
829
775
767
529
186
223
820
18
202
448
320
947
873
131
776
199
161
584
186
755
394
83
177
496
183
504
204
598
15
523
532
769
528
99
1000
686
876
209
37
489
813
988
766
861
140
149
217
227
497
805
903
49
694
806
516
137
194
127
16
161
199
131
981
305
341
986
559
152
201
545
667
596
357
401
971
879
646
972
438
50
411
853
292
851
901
750
826
160
367
144
229
703
510
100
777
360
90
347
634
634
765
432
538
357
104
759
529
570
19
840
902
94
683
946
271
755
294
940
822
602
90
618
623
340
776
789
161
611
729
855
782
568
289
50
772
438
964
8
642
853
256
517
215
47
269
502
145
904
688
114
663
172
764
678
884
249
511
687
341
519
97
870
904
772
251
738
671
593
55
823
883
979
100
138
21
806
750
125
84
53
780
233
957
304
584
4
82
852
711
33
990
405
73
597
101
805
547
289
684
351
655
20
421
494
845
179
30
994
585
535
852
607
528
809
611
149
175
254
930
28
633
204
422
616
135
290
106
433
187
945
190
820
574
902
405
523
899
518
595
394
625
418
891
434
962
970
538
512
501
270
131
163
303
528
921
128
723
807
845
989
343
481
937
260
162
375
0
967
131
989
443
481
536
989
901
267
269
824
899
561
806
72
730
295
963
714
80
933
844
59
790
973
643
654
155
632
321
639
824
375
505
267
223
92
291
342
109
574
638
349
147
349
889
10
961
147
633
643
712
722
970
724
446
185
81
224
979
857
491
690
960
939
976
829
863
838
486
1000
3
787
311
678
744
51
802
345
914
759
230
495
15
611
911
653
22
139
887
313
759
919
92
768
174
381
154
731
54
923
675
777
569
282
95
982
79
463
754
388
262
501
987
94
417
625
696
45
834
382
699
671
632
183
32
202
917
