500
281
363
174
458
3
297
436
258
480
488
84
331
158
264
351
395
127
37
287
165
169
292
119
15
86
465
483
9
327
390
239
168
33
171
6
207
421
454
141
326
461
285
424
3
280
143
445
365
0
351
131
226
169
112
468
436
239
359
490
443
384
168
352
336
83
303
249
33
324
384
333
414
426
72
267
1
153
247
164
48
207
346
281
313
348
378
288
231
160
389
498
376
291
489
199
89
205
225
71
418
317
288
178
200
76
396
49
246
76
271
419
370
310
62
420
64
58
383
402
221
129
104
33
444
174
170
247
419
422
463
190
399
225
158
139
250
99
67
164
227
354
273
101
441
232
363
169
173
493
478
386
299
65
90
27
175
252
381
277
257
215
427
212
180
37
382
67
102
479
230
85
110
209
198
227
70
11
368
279
293
353
421
240
384
222
495
336
457
9
462
209
438
102
396
478
445
449
177
495
183
98
36
109
410
12
339
228
338
113
340
404
153
318
269
457
150
406
398
48
416
27
273
186
42
310
104
97
78
209
150
229
147
443
126
222
170
140
181
83
286
306
421
312
386
248
112
492
170
31
491
204
155
273
177
188
112
154
351
206
434
211
226
320
233
93
286
368
184
44
1
281
51
354
110
370
432
417
490
81
275
442
172
481
487
373
340
255
95
277
122
431
198
26
362
199
368
255
329
24
382
38
170
206
499
59
441
307
271
441
21
388
326
14
159
371
383
154
74
93
71
61
495
167
180
84
243
126
480
191
17
219
62
163
248
413
166
383
414
239
353
322
237
325
175
369
346
411
268
2
83
150
229
97
388
472
167
118
329
348
458
324
100
497
230
297
207
390
68
216
491
177
26
5
306
360
318
277
131
469
284
226
162
173
266
491
139
153
190
300
442
94
81
405
158
75
50
421
390
200
179
470
142
430
232
163
152
385
34
231
152
373
156
8
234
105
212
167
265
496
356
62
443
36
269
171
140
266
406
3
402
147
496
182
150
90
344
53
455
320
296
487
318
351
28
424
481
11
12
420
8
255
271
104
377
408
20
260
472
375
451
277
131
450
213
48
471
96
170
408
467
329
474
291
183
356
341
437
228
287
166
84
41
215
68
172
454
287
252
461
334
297
159
451
247
394
337
311
122
57
383
500
92
71
149
9
410
303
7
427
242
57
70
103
440
76
218
351
35
321
194
294
19
132
162
145
308
5
140
296
280
381
493
329
252
120
133
308
333
271
231
291
276
137
107
232
207
239
396
440
265
365
447
187
93
256
298
187
468
24
48
436
327
82
46
284
310
59
58
24
222
367
488
414
264
210
500
496
331
455
414
257
77
62
305
374
71
373
227
190
436
481
177
27
469
42
377
342
181
80
371
258
285
350
358
5
165
278
126
42
114
53
78
474
332
4
1
499
455
420
32
109
81
25
74
152
77
209
296
152
69
342
326
137
408
304
248
104
89
330
15
117
139
80
500
86
29
246
65
437
269
106
440
103
9
99
48
333
28
294
267
217
368
123
444
328
471
119
102
410
291
207
175
84
160
27
143
17
148
458
496
344
67
96
132
465
39
367
28
152
36
40
13
155
418
110
85
288
455
202
64
256
99
176
215
275
2
227
194
194
381
2
125
400
281
442
457
121
340
464
148
91
3
484
76
68
141
365
469
443
480
65
411
74
492
264
88
307
200
309
208
415
324
329
4
247
356
198
94
14
303
474
200
436
1
88
431
240
474
73
460
325
115
375
309
449
315
150
408
88
105
278
48
248
92
8
433
433
284
198
129
238
340
376
435
122
160
409
21
42
160
494
49
491
171
241
58
436
278
286
305
228
211
423
253
142
135
251
133
310
19
478
477
67
399
187
301
420
145
262
425
499
314
372
276
388
11
380
205
282
453
153
130
347
191
117
189
296
11
264
85
193
63
238
210
450
422
193
132
404
387
378
414
209
256
179
253
353
490
444
190
348
100
366
315
124
449
98
280
300
221
143
271
139
325
375
292
54
76
413
42
214
136
70
203
419
331
365
320
121
136
78
314
111
46
375
15
130
238
171
394
100
357
106
63
286
193
251
8
75
249
124
370
495
183
4
3
128
292
460
468
430
422
499
433
366
16
65
465
494
494
254
167
242
451
210
47
76
239
469
295
134
305
302
62
32
230
142
339
165
151
212
207
362
112
339
496
337
114
40
488
355
305
427
355
21
0
273
413
248
343
349
419
97
110
317
329
484
260
46
282
352
371
165
181
186
441
322
388
90
208
242
411
307
380
350
105
315
185
387
134
189
500
186
55
108
409
306
134
235
339
436
156
140
47
98
93
321
320
302
165
416
410
172
494
457
221
55
120
446
437
411
170
145
352
207
429
492
129
39
7
446
288
317
113
268
67
163
333
92
450
398
398
255
405
433
371
413
439
117
485
298
85
119
96
220
166
94
251
37
338
273
4
129
418
380
56
23
179
257
482
288
97
135
290
50
293
169
41
479
389
248
139
234
118
46
248
260
205
443
37
356
217
219
123
198
182
258
442
162
480
47
56
391
329
423
354
220
405
191
355
306
93
343
21
212
129
235
190
241
483
97
450
239
377
196
492
234
387
279
297
87
485
344
365
107
176
186
332
461
318
254
495
335
15
217
447
373
277
239
62
316
53
16
241
402
407
251
479
497
228
150
288
421
209
299
479
291
485
351
259
385
325
369
332
299
157
402
480
439
178
315
67
277
73
442
474
324
4
500
55
343
65
463
231
306
482
131
324
341
167
423
54
199
32
76
338
442
137
32
147
470
66
296
475
304
38
277
307
91
58
340
276
244
474
450
72
4
422
364
182
360
86
159
433
480
386
492
145
352
233
436
107
485
171
132
320
95
94
192
135
117
157
472
52
328
455
275
215
286
185
170
31
245
162
378
299
136
95
350
483
270
407
154
66
135
432
326
10
2
39
107
304
98
27
258
120
209
26
308
43
343
298
328
220
469
438
266
100
234
327
116
179
76
489
119
39
148
349
219
242
389
419
450
332
332
411
162
442
8
77
73
325
218
447
2
329
227
211
182
259
197
315
270
492
114
297
64
230
150
161
361
293
197
286
395
431
80
253
88
298
381
446
18
330
311
158
49
192
388
206
258
150
188
28
293
346
484
410
458
168
219
267
307
354
58
240
67
455
305
81
277
227
471
81
407
126
471
45
11
223
436
21
187
90
350
195
117
390
276
130
132
476
345
426
367
232
188
33
430
410
394
125
12
174
264
246
426
306
477
193
221
493
171
39
135
129
9
1
278
236
110
89
457
13
237
441
443
111
92
201
13
357
421
6
192
146
203
51
20
445
36
477
142
49
491
195
362
323
278
370
418
87
54
231
112
403
126
36
86
382
468
121
149
214
368
210
211
106
55
124
206
306
155
393
226
71
419
1
334
355
319
243
500
323
146
389
93
269
494
241
150
71
234
257
322
395
251
304
137
350
455
207
200
136
132
472
58
330
461
353
28
218
498
94
293
54
439
303
269
483
300
498
322
35
49
302
201
11
131
123
342
291
309
131
100
127
15
274
31
192
294
180
416
435
196
94
184
296
311
410
434
78
470
357
48
276
350
82
492
438
384
163
457
338
233
500
418
106
332
450
465
438
437
43
387
490
447
39
7
263
350
491
113
296
131
249
331
114
79
225
330
435
119
93
385
299
384
54
416
390
361
110
303
129
162
293
66
85
60
165
35
338
269
486
165
161
213
366
264
323
199
251
5
171
191
466
454
332
484
207
209
254
186
153
193
59
412
127
379
421
7
27
446
314
305
49
133
16
124
257
384
262
378
406
459
258
187
481
399
45
38
186
323
276
417
472
222
391
213
270
94
359
23
351
250
291
468
444
453
124
3
414
34
73
446
103
209
385
91
183
219
294
447
369
368
12
176
412
280
420
271
210
102
406
154
361
205
59
380
148
462
232
306
254
65
292
416
108
294
314
149
48
144
128
231
441
266
442
18
294
183
118
194
497
166
334
138
1
81
389
55
43
449
465
46
275
151
58
219
465
173
279
59
488
284
394
430
418
158
55
188
494
152
71
218
294
282
251
98
119
196
287
121
198
394
475
299
245
151
156
485
105
324
101
194
93
276
275
146
439
84
238
136
355
15
23
220
466
422
75
197
348
16
13
116
37
294
496
469
107
144
488
482
408
47
87
17
371
194
51
500
263
293
55
357
250
94
115
339
363
41
173
474
291
235
48
108
152
452
42
500
401
87
248
97
183
199
292
379
493
25
96
286
84
296
217
84
144
490
328
168
169
240
47
147
459
492
434
335
306
364
267
384
2
317
5
95
264
406
5
192
334
463
191
280
128
74
152
382
144
181
392
342
231
268
103
159
88
156
106
393
272
289
448
253
346
108
369
94
406
264
381
298
127
349
9
109
345
366
72
461
477
284
307
301
464
63
356
247
255
340
365
376
17
73
233
185
56
466
166
422
126
369
222
430
418
150
194
426
157
276
28
457
328
374
104
155
26
143
333
68
393
488
260
337
64
352
253
78
279
57
55
235
100
396
415
170
137
4
184
114
437
488
500
240
155
303
380
44
370
414
119
139
493
207
50
192
325
43
304
142
74
57
296
278
167
130
370
256
171
412
89
194
85
128
434
421
387
80
139
16
131
402
433
422
137
213
16
89
490
454
13
390
411
302
232
389
370
374
223
327
234
15
142
127
461
137
194
284
398
296
278
476
86
358
203
118
269
216
147
208
142
414
264
70
350
34
342
456
481
132
466
291
177
73
408
166
175
366
210
159
412
486
161
58
319
308
359
444
256
283
279
177
96
395
135
425
387
398
14
414
490
59
34
291
91
352
191
458
421
178
64
184
55
328
324
126
105
429
419
182
71
322
112
430
6
117
416
292
306
316
441
472
187
451
236
92
237
165
112
90
109
157
98
254
86
468
263
69
149
294
263
41
124
194
335
384
284
316
442
236
422
352
240
3
409
225
433
304
25
283
281
141
324
351
224
325
345
150
338
119
180
329
15
279
85
218
28
387
2
383
215
76
99
392
54
200
235
120
439
99
221
378
120
160
88
347
256
137
76
317
290
18
260
434
20
127
443
204
138
287
492
137
235
353
334
264
129
316
228
61
239
103
86
140
177
480
279
484
164
49
319
162
8
86
255
452
34
126
78
94
319
468
13
288
123
358
115
384
466
455
473
56
155
269
366
84
46
454
483
337
386
308
178
265
293
369
65
460
134
296
47
219
403
73
401
417
346
266
338
460
368
255
346
295
167
125
260
370
322
95
33
246
162
453
131
329
298
351
426
301
281
409
444
3
437
486
155
441
351
399
237
202
193
35
334
122
470
414
217
463
171
152
180
263
16
426
176
45
101
70
184
239
208
403
433
29
174
220
99
15
254
48
244
323
136
70
86
36
388
258
280
341
249
188
307
3
47
467
437
168
54
231
44
342
354
42
256
199
178
341
170
405
255
23
194
86
57
425
371
404
157
464
317
469
425
454
255
129
248
99
392
323
405
129
272
468
228
337
215
139
422
59
192
38
110
356
420
484
58
420
160
155
329
334
279
374
6
5
42
265
111
443
178
457
408
305
268
447
462
428
361
235
494
486
110
159
84
334
138
106
293
225
23
467
135
110
218
87
238
312
120
245
174
139
353
465
11
220
431
318
42
225
123
129
144
352
81
137
422
234
117
155
482
500
32
238
488
202
329
439
303
216
105
313
490
286
269
157
156
372
137
223
230
65
2
258
465
388
83
424
141
226
490
209
299
70
200
132
56
310
255
441
427
100
156
262
249
268
319
421
112
454
479
77
416
295
8
83
125
132
429
17
432
176
488
322
162
34
386
308
69
381
401
128
279
188
395
41
286
205
152
10
230
98
370
12
115
334
48
122
349
455
383
469
287
211
304
112
454
430
320
107
147
123
291
287
222
441
282
6
185
196
210
397
262
483
267
414
382
109
98
410
185
2
290
321
12
74
35
55
379
387
288
116
260
184
455
84
334
124
319
367
238
6
443
399
490
102
158
447
138
219
319
378
104
232
484
382
269
104
409
500
197
236
426
285
183
435
382
277
199
78
31
249
363
481
428
200
294
248
332
351
46
296
117
401
403
71
99
278
111
50
297
396
445
343
21
37
342
314
349
338
273
9
379
282
196
260
434
43
431
179
188
218
435
32
50
30
27
148
77
373
355
400
365
117
437
152
2
290
40
42
1
30
269
370
16
416
274
446
422
303
33
277
296
25
5
211
73
95
224
177
158
212
360
80
490
361
250
320
77
208
499
317
396
215
293
414
285
406
485
112
491
183
270
284
305
232
365
388
136
49
272
392
257
57
307
72
230
249
38
159
176
402
368
494
91
309
258
323
448
443
89
495
181
65
166
151
304
480
46
308
208
99
196
346
6
481
500
144
7
226
365
406
281
154
208
439
169
285
344
471
161
251
112
198
364
176
237
323
394
262
398
292
380
59
185
283
255
317
367
336
115
272
234
292
249
476
146
148
78
61
77
75
26
47
403
160
141
415
251
48
1
176
99
238
363
396
69
304
14
35
324
473
291
243
20
163
251
238
166
428
4
458
263
411
309
426
39
306
303
492
120
447
53
74
46
462
193
76
9
198
249
125
49
411
200
8
195
330
222
483
315
445
422
30
441
292
439
381
298
153
277
285
72
412
314
5
91
64
154
128
412
465
305
80
492
487
422
197
197
255
224
162
425
27
5
442
263
60
1
224
384
471
306
382
31
89
193
168
178
84
99
162
368
333
363
150
134
269
387
403
478
306
161
385
323
274
41
183
12
421
296
188
35
272
244
207
365
383
369
237
234
49
500
419
23
309
277
208
354
247
81
245
30
183
397
193
220
376
308
354
414
326
180
147
120
305
192
163
378
499
38
13
29
371
364
327
12
357
161
320
175
417
459
264
484
193
115
319
242
35
477
45
132
464
98
110
49
47
16
252
233
316
488
380
440
319
112
171
407
14
122
211
1
130
336
39
192
19
161
240
358
354
12
128
95
269
57
113
73
104
32
80
59
95
194
355
317
236
329
228
476
458
208
199
136
69
265
234
480
347
442
253
168
276
386
422
400
317
250
158
41
102
450
313
242
63
173
188
203
128
245
325
135
93
365
476
471
359
280
72
195
163
184
109
234
167
329
128
472
389
390
427
468
227
217
347
390
107
344
11
245
94
83
10
12
433
68
241
236
218
102
240
143
449
356
488
473
470
70
313
442
132
179
59
222
311
168
144
318
155
453
12
444
365
400
14
460
205
163
454
428
493
449
87
216
155
72
190
287
219
18
455
42
77
80
37
482
332
453
418
264
336
176
164
291
165
400
212
414
384
474
410
181
493
383
185
137
111
465
230
254
410
188
384
209
215
259
83
315
498
292
459
39
172
74
89
473
211
15
348
170
447
319
17
133
29
371
475
459
445
495
357
94
85
165
379
280
42
429
460
7
185
7
290
466
80
327
490
309
275
331
485
297
88
420
497
489
352
62
475
430
136
284
225
368
482
182
127
78
212
476
34
37
497
196
236
256
268
387
155
382
335
473
336
397
381
160
406
277
352
411
135
407
285
40
438
262
38
430
134
236
27
47
285
39
327
14
111
182
174
168
411
24
298
72
129
313
94
208
403
91
255
403
346
467
315
376
331
325
108
208
400
15
448
418
188
76
344
380
346
217
49
184
425
241
79
336
461
220
186
78
322
129
12
4
233
235
447
282
127
112
71
310
145
45
12
377
79
439
411
498
248
424
297
149
384
142
378
93
217
204
163
27
27
108
53
124
178
204
493
440
68
181
457
28
397
25
16
205
97
288
287
137
289
161
300
103
104
471
89
243
396
120
78
50
322
411
326
289
380
94
41
239
380
100
45
121
351
177
321
12
437
119
389
178
63
484
427
108
294
265
479
334
178
437
406
466
143
406
347
453
259
371
32
481
266
73
155
20
196
442
283
477
500
492
96
119
38
315
382
257
319
416
474
409
115
202
267
306
179
206
142
489
249
8
443
72
305
219
344
222
215
66
55
340
55
462
262
420
122
175
491
417
152
216
416
321
397
434
142
210
79
468
265
347
158
131
470
15
46
367
332
437
447
58
209
404
408
101
202
257
36
50
316
222
240
302
37
33
202
246
266
175
184
172
6
231
187
480
389
477
386
327
295
229
37
389
438
413
290
444
78
336
490
206
448
488
422
344
91
239
498
157
372
236
270
85
7
407
105
393
296
210
44
306
12
372
152
302
354
252
181
415
427
295
372
260
428
342
23
351
52
458
423
48
144
332
399
378
79
241
239
303
253
342
391
86
461
470
217
373
417
164
363
336
497
195
94
427
301
138
427
336
400
227
381
351
205
405
283
257
18
443
19
130
48
148
346
255
427
245
302
137
446
204
391
104
422
345
39
205
218
452
472
471
478
421
372
312
498
450
278
499
496
358
319
165
8
257
467
455
23
149
70
8
31
115
112
89
366
130
136
116
117
13
120
134
465
170
35
323
193
301
120
87
402
3
437
464
438
158
112
240
454
455
372
296
126
405
83
442
471
491
485
274
214
265
84
97
469
358
316
61
404
304
237
410
215
112
144
57
362
344
97
254
20
483
387
224
461
383
201
279
400
351
402
302
96
232
107
111
339
52
268
52
313
157
37
75
180
228
236
139
295
162
461
335
336
149
43
47
489
44
256
249
368
268
291
480
376
208
353
131
107
342
197
159
254
365
435
303
111
353
418
432
60
474
114
3
24
322
262
236
28
79
149
109
205
96
224
294
376
405
356
254
377
46
1
127
204
60
119
476
351
145
423
132
249
320
317
288
2
172
197
0
355
138
441
343
183
482
250
271
293
323
272
351
254
465
424
133
464
116
254
34
358
196
431
112
423
486
333
84
334
126
452
179
470
314
310
434
348
39
0
167
225
108
123
99
176
353
434
54
288
294
454
262
54
92
301
451
212
485
118
490
280
141
491
105
4
407
462
198
47
190
113
454
78
102
134
347
204
380
19
247
132
290
415
283
129
96
433
310
304
80
79
34
105
359
460
357
389
177
196
257
72
190
298
483
101
256
257
338
75
118
472
220
277
112
470
47
185
182
281
500
357
21
265
318
354
80
140
263
52
355
352
65
254
123
297
317
348
7
96
76
415
156
423
333
256
434
160
126
496
171
411
418
238
88
325
359
402
167
476
281
1
4
58
158
444
432
157
395
195
264
298
271
221
145
97
371
109
244
78
144
228
420
438
450
295
72
339
360
38
218
41
5
493
369
469
228
270
4
500
281
301
320
254
137
287
298
197
465
150
198
1
259
175
79
259
0
294
316
12
368
88
151
273
119
156
467
379
265
162
469
137
157
254
452
395
340
406
122
438
438
29
270
442
205
460
417
402
168
201
484
269
302
363
154
153
23
389
237
68
364
5
147
69
428
266
428
100
360
184
370
146
206
25
443
392
210
13
240
370
98
372
129
120
397
11
387
453
35
158
10
64
170
395
50
267
207
229
201
496
174
36
5
162
167
208
438
351
188
130
439
172
206
425
160
468
220
62
57
201
362
89
392
331
192
112
364
49
52
321
165
128
83
33
381
212
472
230
489
415
186
239
343
216
277
5
124
401
79
479
253
156
485
468
453
327
278
106
27
280
134
157
452
355
423
191
297
116
354
277
345
148
241
315
388
47
297
15
197
248
54
322
214
71
203
112
345
477
437
244
139
338
421
86
199
117
278
145
12
182
245
80
499
224
464
366
399
3
306
245
227
46
410
194
30
445
334
62
272
409
201
29
383
342
374
411
167
394
199
317
498
215
312
385
370
368
488
291
145
184
478
160
379
350
369
53
150
51
62
204
126
353
113
437
206
104
90
35
376
281
283
431
82
279
322
481
176
346
270
209
163
152
233
27
303
130
303
22
48
9
160
148
103
369
316
279
495
489
359
321
1
487
269
411
121
377
177
153
335
385
181
106
38
106
158
223
361
228
188
189
17
397
482
204
345
293
401
440
41
70
279
389
55
376
299
111
35
383
25
482
316
31
92
105
434
26
494
286
449
298
352
178
186
496
95
201
316
148
110
98
292
273
457
82
327
132
91
286
13
498
309
267
37
326
277
46
385
413
31
277
464
20
46
260
465
377
477
369
344
419
359
56
441
274
184
242
141
248
380
37
466
467
277
272
286
429
390
92
97
40
470
230
328
27
369
404
291
158
246
313
299
422
254
443
253
445
177
480
357
451
500
500
426
155
254
276
306
4
443
414
373
167
446
91
365
441
128
265
199
78
337
317
310
471
350
253
44
29
451
361
262
485
228
483
179
130
253
50
176
133
175
48
416
224
134
272
281
271
371
65
24
481
274
169
484
194
49
221
256
257
278
143
96
348
438
136
45
78
198
393
346
495
376
443
286
228
471
94
233
353
323
434
399
476
222
49
87
475
151
241
448
156
322
269
467
438
161
401
326
440
477
443
355
116
415
6
392
257
245
443
228
218
343
405
114
98
224
275
64
310
73
435
63
71
335
214
90
9
13
10
209
228
447
102
411
220
112
295
4
128
65
30
480
263
335
399
338
80
425
486
339
259
171
399
332
89
315
65
63
448
385
124
223
341
17
407
98
463
44
182
274
135
136
404
103
218
347
150
367
200
122
68
26
189
327
422
473
243
102
457
95
175
422
287
448
444
345
317
416
228
96
438
191
77
96
354
488
395
109
288
252
495
433
283
332
3
21
37
222
440
118
472
73
448
280
350
269
43
488
474
206
151
75
5
453
335
97
83
152
15
204
289
39
457
219
67
231
488
442
232
182
172
174
393
206
497
212
396
432
11
176
91
298
24
442
336
100
272
274
234
71
77
444
440
147
426
392
239
460
80
420
175
380
226
269
434
97
12
367
36
173
134
321
367
412
271
79
27
305
316
435
19
88
488
166
381
99
456
431
6
375
344
19
78
68
143
422
449
67
235
249
51
0
110
208
327
204
121
219
405
222
365
288
298
458
29
37
453
399
59
374
302
44
97
419
181
333
272
304
33
138
450
35
42
237
185
291
297
436
387
253
129
100
97
102
458
176
36
325
124
83
466
161
310
442
252
185
317
161
191
244
343
27
219
370
340
22
41
241
350
240
211
491
239
435
353
15
472
134
377
311
357
435
451
103
234
285
113
375
448
431
353
180
294
241
286
118
12
371
162
390
201
26
98
39
432
47
357
140
203
133
413
219
442
409
98
499
448
355
348
358
206
346
458
7
18
399
308
214
370
126
178
202
498
437
395
188
471
315
285
156
80
227
282
191
80
424
312
219
485
163
111
99
29
287
438
2
299
18
74
11
310
290
380
425
41
377
261
64
485
47
447
82
59
173
186
362
239
48
470
125
302
