100
56
73
35
92
0
60
88
52
96
98
17
66
32
53
70
79
25
7
58
33
34
58
24
3
17
93
97
1
66
78
48
33
6
34
1
41
84
91
28
65
92
57
85
0
56
28
89
73
0
70
26
45
34
22
94
88
48
72
98
89
77
33
70
67
16
61
50
6
65
77
67
83
85
14
53
0
30
49
33
9
41
69
56
63
70
76
58
46
32
78
100
75
58
98
40
17
41
45
14
84
100
63
58
35
40
15
79
9
49
15
54
84
74
62
12
84
13
11
77
81
44
26
21
6
89
35
34
49
84
85
93
38
80
45
32
28
50
19
13
33
45
71
55
20
89
46
73
34
34
99
96
77
60
13
18
5
35
50
76
55
51
43
86
42
36
7
77
13
20
96
46
17
22
42
39
45
14
2
74
56
59
71
84
48
77
44
99
67
92
1
93
42
88
20
79
96
89
90
35
99
37
100
19
7
22
82
2
68
45
68
22
68
81
30
64
54
92
30
81
80
9
83
5
55
37
8
62
21
19
15
42
30
46
29
89
25
44
34
28
36
16
57
61
84
63
77
50
22
99
34
6
99
41
31
55
35
37
22
31
70
41
87
42
45
64
47
18
57
74
37
8
0
56
10
71
22
74
87
84
98
16
55
89
34
96
98
75
68
51
19
56
24
87
39
5
73
40
74
51
66
4
77
100
7
34
41
100
12
89
61
54
89
4
78
65
2
32
74
77
31
14
18
14
12
99
33
36
17
49
25
96
38
3
44
12
32
50
83
33
77
83
48
71
64
47
65
35
74
69
83
54
0
16
30
46
19
78
95
33
23
66
70
92
65
20
100
46
59
41
78
13
43
99
35
5
1
61
72
64
55
26
94
57
45
32
34
53
99
28
30
38
60
89
19
16
81
32
15
10
85
78
40
36
100
94
28
86
46
32
30
77
6
46
30
75
31
1
47
21
42
33
53
100
71
12
89
7
54
34
28
53
81
0
81
29
100
36
30
18
69
10
91
64
59
98
64
70
5
85
97
2
2
84
1
51
54
21
76
82
4
52
95
75
91
55
26
90
43
9
95
19
34
82
94
66
95
58
36
71
68
88
46
58
33
17
8
43
13
34
91
57
50
93
67
60
32
91
49
79
68
62
24
11
77
100
18
14
30
1
82
61
1
86
48
11
14
20
88
15
44
70
7
64
39
59
3
26
32
29
62
1
28
59
56
76
99
66
50
24
27
62
67
54
46
58
55
27
21
46
41
48
79
88
53
73
90
37
18
51
60
37
94
5
9
87
66
16
9
57
62
12
11
4
44
74
98
83
53
42
100
100
66
91
83
51
15
12
61
75
14
75
45
38
88
97
35
5
94
8
76
69
36
16
74
52
100
57
70
72
1
33
56
25
8
23
10
15
95
66
0
0
100
91
84
6
22
16
5
15
30
15
42
59
30
13
69
65
27
82
61
50
21
18
66
3
23
28
16
100
17
5
49
13
88
54
21
88
20
1
20
9
67
5
59
53
43
74
24
89
66
95
24
20
82
58
41
35
17
32
5
28
3
29
92
100
69
13
19
26
93
7
74
5
30
7
8
2
31
84
22
17
58
91
40
13
51
100
20
35
43
55
0
45
39
39
76
0
25
80
56
89
92
24
68
93
29
18
0
97
15
13
28
73
94
89
96
13
83
15
99
53
17
62
40
62
42
83
65
66
0
49
71
39
19
2
61
95
40
88
0
17
86
48
95
14
92
65
23
75
62
90
63
30
82
17
21
56
9
50
18
1
87
87
57
40
26
48
68
75
87
24
32
82
4
8
32
99
10
99
34
48
11
88
56
57
61
46
100
42
85
51
28
27
50
26
62
3
96
96
13
80
37
60
84
29
52
85
100
63
75
55
78
2
76
41
56
91
30
26
70
38
23
38
59
2
53
17
39
12
47
42
90
85
39
26
81
78
76
83
42
51
36
51
71
98
89
38
70
20
73
63
25
90
19
56
60
44
28
54
28
65
75
58
11
15
83
8
43
27
14
40
84
66
73
64
24
27
15
63
22
9
75
3
26
48
34
79
20
100
72
21
12
57
39
50
1
15
50
25
74
99
37
0
0
25
59
92
94
86
85
100
87
73
3
13
93
99
99
51
33
48
90
42
9
15
48
94
59
27
61
60
12
6
46
28
68
33
30
42
41
73
22
68
100
68
23
8
98
71
61
86
71
4
0
55
83
50
69
70
84
19
22
63
66
97
52
9
56
71
74
33
36
37
88
65
78
18
42
48
82
61
76
70
21
63
37
78
27
38
